"alaska" <-
structure(list(lat = c(58.484, 58.472, 58.476, 58.487, 58.496, 
NA, 58.36, 58.342, 58.322, 58.301, 58.279, 58.256, 58.233, 58.243, 
58.265, 58.288, 58.308, 58.311, 58.286, 58.283, 58.301, 58.32, 
58.338, 58.208, 58.19, 58.175, 58.16, 58.149, 58.16, 58.172, 
58.174, 58.189, 58.205, 58.227, 58.248, 58.268, 58.258, 58.251, 
58.246, 58.224, 58.213, 58.193, 58.191, 58.203, 58.189, 58.18, 
58.158, 58.155, 58.136, 58.126, 58.121, 58.105, 58.123, 58.122, 
58.128, 58.136, 58.123, 58.114, 58.099, 58.089, 58.107, 58.13, 
58.153, 58.176, 58.199, 58.201, 58.186, 58.161, 58.139, 58.117, 
58.101, 58.079, 58.064, 58.056, 58.051, 58.058, 58.072, 58.052, 
58.031, 58.009, 57.993, 57.995, 57.997, 58.007, 58.018, 58.029, 
58.037, 58.046, 58.063, 58.082, 58.097, 58.111, 58.112, 58.101, 
58.112, 58.131, 58.146, 58.163, 58.186, 58.204, 58.217, 58.209, 
58.202, 58.198, 58.199, 58.179, 58.18, 58.182, 58.172, 58.165, 
58.179, 58.194, 58.201, 58.214, 58.229, 58.236, 58.251, 58.268, 
58.282, 58.298, 58.304, 58.296, 58.286, 58.277, 58.284, 58.285, 
58.282, 58.268, 58.263, 58.282, 58.302, 58.324, 58.339, 58.352, 
58.356, 58.372, 58.377, 58.388, 58.401, 58.408, 58.409, 58.418, 
58.435, 58.451, 58.449, 58.427, 58.435, 58.458, 58.477, 58.475, 
58.46, 58.461, 58.461, 58.463, 58.444, 58.425, 58.411, 58.405, 
58.387, 58.364, 58.354, 58.374, 58.369, 58.349, 58.328, 58.319, 
58.337, 58.357, 58.377, 58.397, 58.42, 58.413, 58.424, 58.417, 
58.398, 58.385, 58.372, 58.361, 58.348, 58.361, 58.376, 58.391, 
58.387, 58.377, 58.36, 58.36, NA, 58.345, 58.341, 58.326, 58.315, 
58.295, 58.305, 58.31, 58.314, 58.329, 58.344, 58.345, NA, 58.136, 
58.12, 58.105, 58.093, 58.09, 58.094, 58.076, 58.057, 58.036, 
58.034, 58.023, 58.014, 58.005, 57.996, 57.988, 57.987, 57.981, 
57.988, 57.994, 58.004, 58.017, 58.025, 58.029, 58.048, 58.064, 
58.08, 58.08, 58.062, 58.047, 58.047, 58.039, 58.045, 58.055, 
58.072, 58.083, 58.096, 58.115, 58.135, 58.144, 58.136, NA, 57.973, 
57.956, 57.936, 57.924, 57.935, 57.944, 57.963, 57.973, 57.978, 
57.983, 57.973, 57.973, NA, 57.935, 57.928, 57.914, 57.901, 57.889, 
57.902, 57.91, 57.914, 57.923, 57.933, 57.947, 57.964, 57.97, 
57.972, 57.955, 57.941, 57.935, NA, 58.003, 57.992, 57.979, 57.969, 
57.962, 57.948, 57.942, 57.934, 57.924, 57.941, 57.947, 57.945, 
57.936, 57.929, 57.922, 57.907, 57.893, 57.884, 57.869, 57.878, 
57.864, 57.85, 57.829, 57.805, 57.786, 57.769, 57.748, 57.734, 
57.731, 57.754, 57.781, 57.807, 57.83, 57.847, 57.859, 57.85, 
57.834, 57.823, 57.841, 57.862, 57.881, 57.876, 57.866, 57.865, 
57.888, 57.909, 57.926, 57.93, 57.912, 57.905, 57.91, 57.902, 
57.881, 57.87, 57.853, 57.838, 57.817, 57.823, 57.837, 57.827, 
57.814, 57.801, 57.79, 57.78, 57.769, 57.755, 57.739, 57.723, 
57.711, 57.695, 57.703, 57.717, 57.723, 57.713, 57.689, 57.669, 
57.652, 57.657, 57.67, 57.682, 57.678, 57.66, 57.637, 57.615, 
57.607, 57.62, 57.628, 57.629, 57.631, 57.623, 57.624, 57.628, 
57.611, 57.596, 57.58, 57.562, 57.547, 57.532, 57.521, 57.505, 
57.485, 57.461, 57.435, 57.423, 57.429, 57.435, 57.426, 57.433, 
57.449, 57.468, 57.463, 57.442, 57.444, 57.449, 57.458, 57.476, 
57.469, 57.469, 57.481, 57.496, 57.509, 57.504, 57.505, 57.514, 
57.509, 57.513, 57.521, 57.503, 57.503, 57.489, 57.478, 57.476, 
57.469, 57.453, 57.436, 57.433, 57.448, 57.462, 57.466, 57.469, 
57.473, 57.466, 57.455, 57.441, 57.425, 57.417, 57.408, 57.395, 
57.387, 57.37, 57.353, 57.339, 57.318, 57.304, 57.287, 57.274, 
57.291, 57.307, 57.301, 57.285, 57.271, 57.272, 57.292, 57.297, 
57.301, 57.322, 57.338, 57.343, 57.332, 57.328, 57.334, 57.329, 
57.318, 57.313, 57.322, 57.346, 57.335, 57.312, 57.298, 57.294, 
57.288, 57.295, 57.296, 57.283, 57.264, 57.25, 57.239, 57.232, 
57.219, 57.212, 57.216, 57.222, 57.221, 57.23, 57.213, 57.205, 
57.189, 57.196, 57.207, 57.19, 57.17, 57.154, 57.139, 57.123, 
57.111, 57.132, 57.156, 57.177, 57.177, 57.16, 57.166, 57.158, 
57.139, 57.118, 57.099, 57.075, 57.066, 57.073, 57.082, 57.078, 
57.078, 57.062, 57.06, 57.046, 57.045, 57.049, 57.046, 57.044, 
57.039, 57.022, 57.016, 57.014, 57.006, 57.004, 56.998, 56.978, 
56.964, 56.951, 56.933, 56.933, 56.951, 56.969, 56.949, 56.926, 
56.905, 56.893, 56.894, 56.871, 56.865, 56.878, 56.877, 56.859, 
56.848, 56.843, 56.841, 56.844, 56.827, 56.806, 56.792, 56.78, 
56.763, 56.75, 56.739, 56.746, 56.761, 56.758, 56.744, 56.74, 
56.756, 56.776, 56.794, 56.811, 56.83, 56.848, 56.857, 56.868, 
56.884, 56.901, 56.913, 56.923, 56.931, 56.945, 56.962, 56.976, 
56.99, 56.993, 56.98, 56.966, 56.981, 56.999, 57.017, 57.009, 
56.989, 56.968, 56.96, 56.957, 56.977, 56.999, 57.009, 57.026, 
57.043, 57.064, 57.076, 57.084, 57.099, 57.113, 57.123, 57.133, 
57.143, 57.151, 57.132, 57.118, 57.111, 57.096, 57.081, 57.068, 
57.055, 57.039, 57.023, 57.004, 56.984, 56.968, 56.966, 56.987, 
57, 57.013, 57.033, 57.05, 57.068, 57.081, 57.091, 57.1, 57.114, 
57.118, 57.128, 57.123, 57.135, 57.144, 57.145, 57.152, 57.147, 
57.142, 57.148, 57.144, 57.128, 57.122, 57.129, 57.115, 57.091, 
57.07, 57.055, 57.052, 57.047, 57.059, 57.077, 57.096, 57.109, 
57.118, 57.116, 57.118, 57.12, 57.109, 57.086, 57.066, 57.046, 
57.025, 57.009, 56.988, 56.968, 56.949, 56.939, 56.941, 56.925, 
56.907, 56.899, 56.89, 56.894, 56.908, 56.883, 56.863, 56.874, 
56.883, 56.868, 56.854, 56.855, 56.876, 56.901, 56.919, 56.934, 
56.948, 56.961, 56.971, 56.978, 56.989, 56.991, 57.014, 57.037, 
57.06, 57.085, 57.105, 57.129, 57.154, 57.178, 57.199, 57.217, 
57.235, 57.256, 57.269, 57.264, 57.279, 57.276, 57.27, 57.281, 
57.286, 57.301, 57.322, 57.332, 57.349, 57.357, 57.345, 57.336, 
57.348, 57.362, 57.379, 57.404, 57.422, 57.438, 57.451, 57.458, 
57.475, 57.496, 57.512, 57.525, 57.537, 57.541, 57.524, 57.519, 
57.538, 57.561, 57.578, 57.572, 57.568, 57.568, 57.576, 57.589, 
57.604, 57.619, 57.63, 57.644, 57.642, 57.654, 57.667, 57.664, 
57.654, 57.651, 57.652, 57.651, 57.64, 57.617, 57.592, 57.57, 
57.554, 57.549, 57.545, 57.537, 57.538, 57.541, 57.544, 57.542, 
57.523, 57.499, 57.472, 57.447, 57.425, 57.405, 57.391, 57.378, 
57.363, 57.342, 57.324, 57.31, 57.298, 57.289, 57.28, 57.271, 
57.283, 57.291, 57.305, 57.314, 57.331, 57.355, 57.378, 57.393, 
57.414, 57.438, 57.464, 57.491, 57.513, 57.529, 57.548, 57.568, 
57.582, 57.565, 57.553, 57.545, 57.539, 57.539, 57.555, 57.558, 
57.57, 57.583, 57.598, 57.613, 57.628, 57.649, 57.654, 57.651, 
57.649, 57.642, 57.639, 57.627, 57.605, 57.602, 57.606, 57.626, 
57.641, 57.654, 57.667, 57.678, 57.686, 57.691, 57.695, 57.701, 
57.705, 57.722, 57.745, 57.771, 57.794, 57.815, 57.832, 57.84, 
57.86, 57.867, 57.876, 57.889, 57.903, 57.892, 57.887, 57.887, 
57.866, 57.847, 57.84, 57.825, 57.802, 57.776, 57.754, 57.731, 
57.709, 57.684, 57.661, 57.64, 57.627, 57.65, 57.671, 57.693, 
57.716, 57.705, 57.694, 57.694, 57.713, 57.728, 57.738, 57.757, 
57.77, 57.769, 57.76, 57.736, 57.717, 57.708, 57.716, 57.737, 
57.754, 57.763, 57.781, 57.792, 57.794, 57.813, 57.839, 57.84, 
57.832, 57.822, 57.81, 57.801, 57.796, 57.791, 57.778, 57.755, 
57.731, 57.711, 57.708, 57.724, 57.748, 57.771, 57.797, 57.824, 
57.85, 57.869, 57.886, 57.899, 57.891, 57.879, 57.862, 57.85, 
57.836, 57.825, 57.841, 57.851, 57.868, 57.883, 57.896, 57.912, 
57.929, 57.943, 57.953, 57.962, 57.98, 57.997, 58.004, 58.003, 
NA, 57.136, 57.123, 57.116, 57.113, 57.129, 57.112, 57.098, 57.093, 
57.084, 57.092, 57.083, 57.068, 57.048, 57.026, 57.009, 56.999, 
56.99, 56.996, 57.011, 57.03, 57.041, 57.058, 57.075, 57.074, 
57.061, 57.056, 57.076, 57.087, 57.099, 57.108, 57.101, 57.12, 
57.134, 57.149, 57.166, 57.182, 57.199, 57.206, 57.191, 57.186, 
57.179, 57.159, 57.143, 57.135, 57.149, 57.16, 57.172, 57.179, 
57.163, 57.164, 57.174, 57.171, 57.16, 57.155, 57.136, 57.136, 
NA, 56.712, 56.698, 56.677, 56.682, 56.688, 56.699, 56.702, 56.713, 
56.716, 56.712, NA, 56.551, 56.531, 56.521, 56.507, 56.503, 56.506, 
